     0/299      2.1G    0.1207   0.01439         0    0.1351        32       416  0.002241   0.01852 0.0002011 6.134e-05    0.1073   0.01217         0
     1/299      2.1G    0.1105   0.01502         0    0.1255        32       416  0.006872   0.01852   0.00047 7.965e-05    0.1003   0.01161         0
     2/299      2.1G    0.1043   0.01575         0      0.12        29       416    0.0103   0.03704  0.001644 0.0003308   0.09378   0.01134         0
     3/299      2.1G   0.09576   0.01619         0     0.112        23       416   0.04746   0.09259   0.01166  0.003571    0.0841   0.01165         0
     4/299      2.1G   0.08515   0.01712         0    0.1023        27       416    0.2829    0.1852    0.1346   0.03454   0.07309   0.01201         0
     5/299      2.1G   0.07459   0.01849         0   0.09308        23       416    0.7724    0.4444    0.4957    0.1517   0.06109   0.01202         0
     6/299      2.1G   0.06737   0.01787         0   0.08524        32       416    0.6404    0.4618    0.4783    0.1101    0.0654   0.01114         0
     7/299      2.1G   0.06603   0.01667         0    0.0827        28       416    0.5399    0.4565     0.457   0.09993   0.05598    0.0111         0
     8/299      2.1G   0.05994   0.01835         0   0.07829        28       416    0.5741    0.4992    0.4731    0.1114   0.05677   0.01008         0
     9/299      2.1G   0.05854    0.0163         0   0.07484        31       416    0.7414     0.537    0.6046    0.2132   0.05288  0.009597         0
    10/299      2.1G   0.05603   0.01631         0   0.07234        27       416    0.5806    0.5185    0.5052    0.1507   0.04728  0.009513         0
    11/299      2.1G   0.05385   0.01481         0   0.06866        30       416    0.5866    0.5556    0.5894    0.1556   0.04859  0.008667         0
    12/299      2.1G   0.05537   0.01439         0   0.06976        28       416    0.3973    0.7222    0.4735    0.1273   0.04999  0.008336         0
    13/299      2.1G   0.05141   0.01395         0   0.06536        30       416    0.7142    0.7405     0.778    0.2781   0.04614  0.007915         0
    14/299      2.1G   0.05029   0.01387         0   0.06415        31       416    0.7191    0.7593    0.8148    0.3673   0.04011  0.007641         0
    15/299      2.1G   0.05001   0.01304         0   0.06305        33       416    0.5702    0.7407    0.6649    0.2231   0.04314  0.007364         0
    16/299      2.1G   0.04639   0.01258         0   0.05898        35       416    0.7631    0.7222    0.8184    0.3385   0.03859   0.00705         0
    17/299      2.1G   0.04593   0.01234         0   0.05827        29       416    0.8213    0.8509    0.9102    0.3635   0.04022  0.006624         0
    18/299      2.1G   0.04541   0.01119         0    0.0566        44       416    0.9062    0.7222    0.8615     0.383   0.03946  0.006268         0
    19/299      2.1G   0.04456    0.0112         0   0.05576        29       416    0.7998    0.8139    0.8251    0.3417    0.0395  0.006052         0
    20/299      2.1G    0.0428   0.01086         0   0.05366        41       416    0.8064    0.9259    0.9054    0.4493   0.03463  0.005866         0
    21/299      2.1G   0.04976   0.01042         0   0.06018        27       416    0.8276    0.8888    0.9223    0.4092   0.04001  0.005891         0
    22/299      2.1G   0.04613  0.009836         0   0.05597        19       416     0.851    0.7404    0.8265    0.3662   0.04169  0.006043         0
    23/299      2.1G   0.04714   0.01087         0   0.05802        40       416    0.8633    0.9444    0.9421    0.4914   0.03454  0.006046         0
    24/299      2.1G   0.04506   0.01051         0   0.05557        28       416    0.9083    0.9259    0.9589    0.4867   0.03444  0.005794         0
    25/299      2.1G   0.04417  0.009872         0   0.05404        26       416    0.9423    0.9069    0.9673    0.4967   0.03367  0.005502         0
    26/299      2.1G    0.0424  0.009417         0   0.05181        28       416    0.8222    0.9444    0.9235    0.4178   0.03534  0.005328         0
    27/299      2.1G   0.04155  0.009128         0   0.05068        39       416     0.912     0.963    0.9761    0.4964   0.03868  0.004998         0
    28/299      2.1G   0.04159  0.009416         0   0.05101        35       416    0.9409    0.8889    0.9416    0.4682   0.03711  0.004887         0
    29/299      2.1G   0.04375  0.009282         0   0.05303        26       416    0.8962     0.963    0.9681    0.4936   0.03397  0.004785         0
    30/299      2.1G   0.04153  0.009375         0    0.0509        35       416    0.9074    0.9071    0.9427    0.3772   0.04095  0.004724         0
    31/299      2.1G   0.04399  0.008741         0   0.05273        32       416    0.9423    0.9259    0.9739     0.505   0.03767  0.004878         0
    32/299      2.1G   0.04284  0.008533         0   0.05138        26       416    0.8642    0.9444    0.9347    0.4374   0.03669  0.004744         0
    33/299      2.1G   0.04084  0.008786         0   0.04963        34       416    0.8947    0.9444    0.9532    0.4725   0.03466  0.004651         0
    34/299      2.1G   0.04149  0.008703         0   0.05019        29       416    0.8569    0.8889    0.8868     0.405   0.04189  0.004439         0
    35/299      2.1G   0.04478   0.00872         0    0.0535        27       416    0.8687    0.9802    0.9499    0.3269   0.03956  0.004465         0
    36/299      2.1G   0.04303  0.008176         0   0.05121        27       416    0.8964     0.963    0.9704    0.4762   0.03523  0.004685         0
    37/299      2.1G    0.0433  0.008587         0   0.05189        30       416    0.9091    0.9258    0.9588    0.4433   0.03516  0.004683         0
    38/299      2.1G   0.04018  0.008522         0    0.0487        23       416    0.8926    0.9259    0.9198    0.3894   0.03655  0.004392         0
    39/299      2.1G   0.04167  0.008208         0   0.04987        36       416    0.9619    0.9444    0.9716     0.481   0.03483   0.00447         0
    40/299      2.1G   0.03983  0.007828         0   0.04766        25       416    0.9434    0.9258    0.9353    0.4768   0.03401  0.004465         0
    41/299      2.1G   0.04062  0.008031         0   0.04865        29       416    0.9594    0.8889    0.9511    0.5054    0.0347  0.004548         0
    42/299      2.1G    0.0385  0.007814         0   0.04631        22       416    0.9284     0.963    0.9684    0.5188    0.0338  0.004231         0
    43/299      2.1G   0.03843    0.0082         0   0.04663        27       416    0.8947    0.9444    0.9544    0.5453   0.03465  0.004242         0
    44/299      2.1G    0.0382  0.007945         0   0.04615        27       416    0.9281     0.963    0.9755    0.5571   0.03216  0.004308         0
    45/299      2.1G   0.03576  0.007317         0   0.04308        35       416    0.9259    0.9254    0.9585    0.5235   0.03285  0.004122         0
    46/299      2.1G   0.03446  0.007619         0   0.04208        31       416    0.8965    0.9626    0.9704    0.5654   0.03067  0.004161         0
    47/299      2.1G   0.03581   0.00776         0   0.04357        38       416    0.9444    0.9442    0.9696    0.5249   0.03169  0.004147         0
    48/299      2.1G   0.03647  0.008002         0   0.04448        32       416    0.9623    0.9443    0.9755    0.5528   0.03352  0.004122         0
    49/299      2.1G   0.03386  0.007464         0   0.04133        25       416    0.9817         1     0.988    0.5146   0.03566  0.004019         0
    50/299      2.1G   0.03437  0.007533         0    0.0419        28       416     0.931         1    0.9879    0.5259   0.03338   0.00397         0
    51/299      2.1G   0.03389  0.007122         0   0.04101        40       416    0.9298    0.9815    0.9795    0.5478   0.03253   0.00405         0
    52/299      2.1G   0.03445  0.006879         0   0.04133        31       416    0.9297    0.9815    0.9728    0.4434   0.03559  0.003998         0
    53/299      2.1G   0.03464  0.007004         0   0.04164        27       416    0.9244    0.9074    0.9539      0.54   0.03115  0.004077         0
    54/299      2.1G   0.03395  0.007054         0     0.041        27       416    0.9615    0.9259     0.966    0.5211   0.03193  0.004328         0
    55/299      2.1G   0.03292  0.007355         0   0.04027        34       416    0.9412    0.8887    0.9159    0.5379   0.03102  0.004154         0
    56/299      2.1G   0.03298  0.007353         0   0.04033        27       416    0.9623    0.9443    0.9855    0.5586    0.0303  0.003974         0
    57/299      2.1G   0.03036  0.007263         0   0.03763        30       416    0.9444    0.9444    0.9608    0.5574    0.0299  0.004023         0
    58/299      2.1G   0.03194  0.007117         0   0.03905        29       416    0.9464    0.9815    0.9825    0.5136   0.03101   0.00386         0
    59/299      2.1G   0.03302  0.007056         0   0.04008        30       416    0.8833    0.9815    0.9469    0.5525   0.02849  0.004094         0
    60/299      2.1G   0.03235  0.007222         0   0.03957        25       416    0.9258    0.9259    0.9229    0.4905   0.03308   0.00426         0
    61/299      2.1G   0.03296   0.00695         0   0.03991        23       416    0.9107    0.9443    0.9075    0.4937   0.03027  0.004203         0
    62/299      2.1G   0.03194  0.007299         0   0.03924        29       416    0.9433    0.9259    0.9609    0.5218   0.03177  0.003935         0
    63/299      2.1G   0.03225  0.006907         0   0.03916        25       416    0.9474    0.9999    0.9904     0.578   0.03011  0.003908         0
    64/299      2.1G   0.03018  0.007264         0   0.03744        33       416    0.9626     0.963    0.9827     0.598   0.02809   0.00387         0
    65/299      2.1G   0.02961  0.006692         0    0.0363        33       416    0.9444    0.9444    0.9779    0.5712   0.03082  0.003873         0
    66/299      2.1G   0.03007  0.006774         0   0.03684        30       416    0.9245    0.9074    0.9198    0.5386   0.02891  0.003876         0
    67/299      2.1G   0.03024  0.006602         0   0.03684        26       416    0.9434    0.9259     0.963    0.5566   0.03004  0.003915         0
    68/299      2.1G    0.0307  0.006971         0   0.03767        30       416    0.9286    0.9629    0.9576     0.572   0.02915  0.003864         0
    69/299      2.1G   0.02863  0.006265         0    0.0349        29       416    0.9259    0.9258    0.9587    0.5214   0.03211  0.003864         0
    70/299      2.1G   0.02984   0.00634         0   0.03618        34       416    0.9467         1    0.9897    0.5552   0.02996  0.003828         0
    71/299      2.1G   0.02838   0.00627         0   0.03465        36       416    0.9643         1    0.9883    0.6008   0.02942  0.003658         0
    72/299      2.1G   0.02891  0.006613         0   0.03552        28       416    0.9636    0.9815    0.9875    0.5786   0.02935  0.003785         0
    73/299      2.1G   0.02955  0.006746         0   0.03629        30       416    0.9441    0.9444    0.9677    0.5921   0.02999    0.0038         0
    74/299      2.1G   0.02892  0.006267         0   0.03519        27       416    0.9622    0.9444    0.9857    0.5706   0.03019  0.003761         0
    75/299      2.1G   0.02851  0.006384         0   0.03489        39       416    0.9136    0.9815    0.9831    0.5545   0.02996  0.003751         0
    76/299      2.1G   0.02694   0.00651         0   0.03345        32       416    0.9643    0.9999    0.9825    0.5577   0.03107   0.00375         0
    77/299      2.1G    0.0291  0.006325         0   0.03542        25       416    0.9454     0.963    0.9755     0.498   0.03337  0.003892         0
    78/299      2.1G   0.02821   0.00667         0   0.03488        24       416    0.9285    0.9815    0.9769    0.5295   0.03097  0.003874         0
    79/299      2.1G   0.02809  0.006622         0   0.03471        28       416    0.9123    0.9629    0.9708    0.5302   0.03226  0.003843         0
    80/299      2.1G   0.02832  0.006692         0   0.03501        33       416    0.9636    0.9815    0.9883    0.5354   0.03121  0.003827         0
    81/299      2.1G   0.02867  0.006566         0   0.03523        35       416    0.9636    0.9814    0.9894    0.5636   0.03048  0.003731         0
    82/299      2.1G   0.02623  0.006295         0   0.03252        30       416    0.9454     0.963    0.9711    0.5955   0.02908  0.003778         0
    83/299      2.1G   0.02604    0.0063         0   0.03234        36       416    0.9464    0.9815    0.9773    0.5529   0.03046  0.003713         0
    84/299      2.1G    0.0283  0.006133         0   0.03443        29       416    0.9614    0.9259    0.9633    0.5528   0.03173  0.003809         0
    85/299      2.1G   0.02665  0.006247         0    0.0329        26       416    0.9454     0.963    0.9825    0.5617   0.03012  0.003736         0
    86/299      2.1G   0.02795  0.006031         0   0.03398        21       416    0.9636    0.9815    0.9928    0.5464   0.03026  0.003933         0
    87/299      2.1G   0.02558  0.006175         0   0.03175        20       416    0.9628     0.963    0.9831    0.5594   0.03092  0.003795         0
    88/299      2.1G   0.02672  0.005991         0   0.03271        24       416    0.9462    0.9815    0.9809    0.5278   0.03216  0.003635         0
    89/299      2.1G   0.02713  0.006159         0   0.03329        34       416    0.9464    0.9815    0.9809    0.5493   0.03086  0.003745         0
    90/299      2.1G    0.0259  0.006159         0   0.03206        28       416    0.9628     0.963    0.9809    0.5646   0.03049  0.003683         0
    91/299      2.1G   0.02545  0.006008         0   0.03146        32       416    0.9636    0.9815    0.9931    0.5749   0.02935   0.00373         0
    92/299      2.1G   0.02515  0.005985         0   0.03113        29       416         1     0.963     0.994    0.5474   0.03048  0.003848         0
    93/299      2.1G   0.02582   0.00587         0   0.03169        26       416    0.9455    0.9629    0.9815    0.5415   0.02951  0.003907         0
    94/299      2.1G   0.02609  0.006255         0   0.03234        32       416    0.9807     0.963    0.9771    0.5195   0.03074  0.003805         0
    95/299      2.1G   0.02611  0.005944         0   0.03205        23       416    0.9464    0.9815     0.983    0.5434   0.03146  0.003687         0
    96/299      2.1G   0.02546  0.005959         0   0.03142        28       416    0.9643         1    0.9949    0.5553    0.0301  0.003649         0
    97/299      2.1G   0.02587  0.005998         0   0.03186        34       416    0.9636    0.9815    0.9934    0.5436   0.02983  0.003726         0
    98/299      2.1G   0.02542  0.005856         0   0.03128        24       416    0.9808    0.9444    0.9763    0.5281    0.0313  0.003735         0
    99/299      2.1G   0.02527  0.006018         0   0.03129        24       416    0.9808    0.9443    0.9739    0.5422   0.03003  0.003788         0
   100/299      2.1G    0.0258  0.005707         0   0.03151        27       416     0.963    0.9629    0.9824    0.5991   0.02877  0.003586         0
   101/299      2.1G   0.02467  0.005749         0   0.03042        24       416    0.9814    0.9815     0.985    0.6191   0.02827  0.003591         0
   102/299      2.1G   0.02555  0.005916         0   0.03146        33       416    0.9815    0.9815    0.9863    0.5837   0.02936  0.003615         0
   103/299      2.1G   0.02497  0.006036         0     0.031        28       416    0.9464    0.9815    0.9782    0.5826   0.02836  0.003656         0
   104/299      2.1G   0.02369  0.005781         0   0.02948        28       416    0.9625     0.963    0.9822    0.5512   0.02934   0.00365         0
   105/299      2.1G   0.02616  0.005775         0   0.03193        28       416    0.9464    0.9815    0.9819    0.5757   0.02911  0.003743         0
   106/299      2.1G   0.02395  0.005956         0    0.0299        37       416    0.9454     0.963    0.9818    0.5481   0.03021  0.003824         0
   107/299      2.1G   0.02419  0.006037         0   0.03023        28       416    0.9629     0.963    0.9915     0.525   0.03111  0.003819         0
   108/299      2.1G     0.026  0.005919         0   0.03191        31       416    0.9444    0.9444    0.9741    0.5295   0.03144  0.003732         0
   109/299      2.1G    0.0248  0.005747         0   0.03055        28       416    0.9464    0.9814    0.9816    0.5671   0.02957  0.003545         0
   110/299      2.1G   0.02289  0.005798         0   0.02869        30       416    0.9464    0.9815    0.9782    0.5659   0.02937  0.003552         0
   111/299      2.1G   0.02377  0.005761         0   0.02953        22       416    0.9286    0.9628    0.9593    0.5788   0.02893  0.003691         0
   112/299      2.1G   0.02406  0.005792         0   0.02985        22       416    0.9803    0.9259    0.9741    0.5816   0.02936  0.003665         0
   113/299      2.1G   0.02411  0.005849         0   0.02996        30       416    0.9454     0.963    0.9778     0.557   0.03057  0.003723         0
   114/299      2.1G   0.02489   0.00598         0   0.03087        26       416    0.9455    0.9629     0.976    0.5971    0.0282  0.003744         0
   115/299      2.1G   0.02294  0.005703         0   0.02864        37       416    0.9285     0.963     0.972    0.5642   0.02934  0.003865         0
   116/299      2.1G   0.02357  0.005635         0   0.02921        27       416    0.9811    0.9626    0.9828    0.5518   0.03008  0.003747         0
   117/299      2.1G   0.02363  0.005433         0   0.02907        29       416    0.9811    0.9625    0.9843    0.5805   0.02925  0.003699         0
   118/299      2.1G   0.02314  0.005825         0   0.02896        25       416    0.9628     0.963    0.9831    0.5926   0.02884  0.003662         0
   119/299      2.1G   0.02406  0.005628         0   0.02969        28       416         1    0.9444    0.9911    0.5595   0.03035  0.003709         0
   120/299      2.1G    0.0237  0.005476         0   0.02918        33       416    0.9455    0.9629    0.9733    0.5732    0.0288  0.003675         0
   121/299      2.1G   0.02316  0.006022         0   0.02918        32       416    0.9444    0.9444    0.9644    0.5719   0.02797  0.003755         0
   122/299      2.1G   0.02392  0.005587         0    0.0295        37       416    0.9442    0.9444    0.9774    0.5815   0.02773  0.003728         0
   123/299      2.1G   0.02305  0.005388         0   0.02844        38       416    0.9453     0.963    0.9808    0.6114   0.02798  0.003614         0
   124/299      2.1G   0.02345   0.00591         0   0.02936        30       416    0.9798    0.9074    0.9691    0.5704   0.02996  0.003682         0
   125/299      2.1G   0.02471  0.005751         0   0.03046        21       416    0.9619    0.9444    0.9781    0.6036   0.02896   0.00379         0
   126/299      2.1G   0.02335  0.005884         0   0.02923        29       416    0.9286    0.9629    0.9644    0.5817   0.02871  0.003703         0
   127/299      2.1G   0.02194  0.005195         0   0.02714        19       416    0.9634    0.9815     0.985    0.5558   0.02959  0.003833         0
   128/299      2.1G   0.02242  0.005531         0   0.02795        31       416    0.9452     0.963    0.9741    0.5652   0.03066  0.003956         0
   129/299      2.1G   0.02218  0.005579         0   0.02776        31       416    0.9636    0.9815    0.9893    0.5571   0.02992  0.003766         0
   130/299      2.1G   0.02289  0.005785         0   0.02868        34       416    0.9454    0.9629     0.974    0.5677   0.02866  0.003665         0
   131/299      2.1G   0.02316  0.005849         0     0.029        26       416    0.9434    0.9259    0.9698    0.5624   0.02956  0.003819         0
   132/299      2.1G   0.02254  0.005336         0   0.02788        37       416    0.9284     0.963     0.973    0.5768   0.02927  0.003642         0
   133/299      2.1G   0.02194  0.005297         0   0.02724        29       416    0.9815    0.9812    0.9941    0.5943   0.02771  0.003661         0
   134/299      2.1G   0.02231  0.005821         0   0.02813        33       416    0.9454     0.963    0.9768    0.5866   0.02897  0.003653         0
   135/299      2.1G   0.02198  0.005156         0   0.02714        24       416    0.9614    0.9259    0.9727     0.585   0.02872  0.003697         0
   136/299      2.1G    0.0222  0.005564         0   0.02777        22       416    0.9802    0.9259    0.9731    0.5515   0.02888  0.003686         0
   137/299      2.1G   0.02232  0.005377         0    0.0277        34       416    0.9804    0.9259    0.9692    0.5554   0.02844   0.00365         0
   138/299      2.1G   0.02208   0.00533         0   0.02741        31       416    0.9801     0.963    0.9726    0.5707   0.02755  0.003634         0
   139/299      2.1G   0.02111  0.005495         0   0.02661        29       416    0.9454     0.963    0.9703     0.589   0.02786  0.003669         0
   140/299      2.1G   0.02105  0.005653         0    0.0267        28       416    0.9452     0.963     0.969    0.5845   0.02789  0.003647         0
   141/299      2.1G   0.02067  0.005285         0   0.02596        31       416    0.9454    0.9627    0.9715    0.5643   0.02793  0.003674         0
   142/299      2.1G    0.0226  0.005391         0   0.02799        26       416         1    0.9629    0.9877    0.5573   0.02837   0.00367         0
   143/299      2.1G   0.02212  0.005646         0   0.02777        32       416    0.9454    0.9629     0.973    0.5707   0.02823  0.003665         0
   144/299      2.1G   0.02229  0.005459         0   0.02775        17       416    0.9804    0.9259     0.972    0.5777   0.02776  0.003706         0
   145/299      2.1G   0.02026  0.005104         0   0.02536        27       416    0.9444    0.9444    0.9707    0.5712   0.02828  0.003681         0
   146/299      2.1G   0.02233  0.005304         0   0.02763        35       416    0.9454    0.9629    0.9654    0.5649    0.0289    0.0038         0
   147/299      2.1G   0.02163  0.005264         0   0.02689        23       416    0.9443    0.9444    0.9605    0.5638   0.02901  0.003919         0
   148/299      2.1G   0.02036  0.005105         0   0.02547        30       416    0.9258    0.9259    0.9475    0.5587   0.02869  0.003808         0
   149/299      2.1G   0.02099  0.005705         0    0.0267        29       416    0.9444    0.9444    0.9702    0.5755   0.02819  0.003823         0
   150/299      2.1G   0.02237  0.005152         0   0.02752        23       416      0.96    0.8887    0.9483    0.5561   0.02989  0.003966         0
   151/299      2.1G    0.0219   0.00538         0   0.02728        35       416    0.9285     0.963    0.9682    0.5699   0.02873  0.003952         0
   152/299      2.1G   0.02111  0.005246         0   0.02635        32       416    0.9622    0.9444    0.9651    0.5618   0.02865  0.003938         0
   153/299      2.1G   0.02051  0.005163         0   0.02567        26       416    0.9808    0.9444    0.9697    0.5798    0.0288  0.003932         0
   154/299      2.1G   0.02038  0.005041         0   0.02542        27       416    0.9807    0.9444    0.9715    0.5636   0.02893  0.003891         0
   155/299      2.1G   0.02075  0.004973         0   0.02572        26       416    0.9627     0.963    0.9681    0.5666   0.02924  0.003688         0
   156/299      2.1G   0.02048  0.005309         0   0.02579        22       416    0.9454     0.963    0.9708    0.5697   0.02898  0.003737         0
   157/299      2.1G   0.02038  0.005255         0   0.02563        20       416    0.9454     0.963    0.9709    0.5304   0.02967  0.003872         0
   158/299      2.1G   0.02146  0.005426         0   0.02688        19       416    0.9599    0.8889    0.9484     0.552   0.02914  0.003895         0
   159/299      2.1G   0.01946  0.005092         0   0.02456        29       416    0.9629     0.963    0.9696    0.5599   0.02907  0.003804         0
   160/299      2.1G    0.0202  0.005379         0   0.02558        28       416    0.9795    0.9259    0.9674     0.553   0.02852  0.003882         0
   161/299      2.1G   0.02092  0.005072         0   0.02599        26       416    0.9444    0.9444    0.9673     0.552   0.02961  0.003993         0
   162/299      2.1G   0.02027  0.005542         0   0.02581        30       416    0.9623    0.9444    0.9689    0.5509   0.02999   0.00398         0
   163/299      2.1G   0.01991   0.00539         0    0.0253        33       416    0.9808    0.9443    0.9703    0.5644   0.02991  0.003867         0
   164/299      2.1G   0.01938  0.005232         0   0.02461        30       416    0.9622    0.9444    0.9675    0.5638   0.02903  0.003847         0
   165/299      2.1G   0.02013  0.004876         0   0.02501        25       416    0.9628     0.963     0.958    0.5623   0.02901   0.00373         0
   166/299      2.1G   0.01946  0.005245         0    0.0247        26       416    0.9454    0.9628     0.975    0.5615   0.02852   0.00382         0
   167/299      2.1G    0.0199  0.005175         0   0.02507        24       416    0.9629     0.963    0.9751     0.558    0.0283  0.003828         0
   168/299      2.1G   0.01956  0.005319         0   0.02488        25       416     0.962     0.963    0.9735    0.5823   0.02808  0.003832         0
   169/299      2.1G   0.01929  0.004947         0   0.02424        29       416    0.9454     0.963    0.9683    0.5859   0.02815  0.003823         0
   170/299      2.1G   0.02087  0.005061         0   0.02593        29       416    0.9636    0.9815    0.9883    0.5836   0.02822  0.003861         0
   171/299      2.1G   0.01989  0.004935         0   0.02482        25       416    0.9455    0.9629    0.9693    0.5915   0.02879  0.003871         0
   172/299      2.1G   0.01875  0.005186         0   0.02393        28       416    0.9804    0.9259    0.9729    0.5841   0.02882  0.003926         0
   173/299      2.1G   0.01982  0.005245         0   0.02506        27       416    0.9627     0.963    0.9723    0.5869   0.02886  0.003835         0
   174/299      2.1G   0.01878  0.005087         0   0.02387        38       416    0.9808    0.9444    0.9712    0.5766   0.02853  0.003784         0
   175/299      2.1G   0.01911  0.004878         0   0.02399        31       416    0.9808    0.9444    0.9661    0.5619   0.02859  0.003918         0
   176/299      2.1G   0.02002  0.005166         0   0.02518        36       416    0.9807    0.9444     0.963    0.5538   0.02926  0.003901         0
   177/299      2.1G   0.01889   0.00517         0   0.02406        35       416    0.9808    0.9444    0.9565    0.5602   0.02895  0.004008         0
   178/299      2.1G    0.0194  0.004999         0    0.0244        31       416    0.9622    0.9444     0.955    0.5534   0.02863  0.003976         0
   179/299      2.1G   0.01925  0.005175         0   0.02442        35       416    0.9622    0.9444    0.9644    0.5762   0.02795   0.00394         0
   180/299      2.1G   0.01876  0.004846         0   0.02361        34       416    0.9808    0.9444    0.9692    0.5744   0.02844  0.003917         0
   181/299      2.1G   0.01931  0.004946         0   0.02425        35       416    0.9808    0.9444    0.9673    0.5777   0.02781  0.003975         0
   182/299      2.1G    0.0187  0.005012         0   0.02371        36       416    0.9434    0.9259    0.9355     0.557   0.02815  0.003985         0
   183/299      2.1G   0.01854   0.00489         0   0.02343        25       416    0.9622    0.9444     0.969    0.5669   0.02846   0.00401         0
   184/299      2.1G   0.01924     0.005         0   0.02424        23       416    0.9803    0.9259    0.9665     0.577   0.02814  0.004016         0
   185/299      2.1G   0.01931  0.004938         0   0.02425        18       416    0.9455     0.963    0.9709    0.5414   0.02998  0.003863         0
   186/299      2.1G   0.01874  0.004844         0   0.02359        34       416    0.9808    0.9444    0.9733    0.5581   0.03017  0.003897         0
   187/299      2.1G   0.01842  0.004813         0   0.02323        28       416    0.9803    0.9259    0.9703    0.5473   0.02988  0.003935         0
   188/299      2.1G    0.0183  0.004808         0   0.02311        35       416    0.9808    0.9444    0.9742    0.5664   0.02976  0.003864         0
   189/299      2.1G   0.01888  0.004988         0   0.02387        33       416    0.9808    0.9444    0.9724    0.5677   0.02929  0.003921         0
   190/299      2.1G   0.01822  0.004779         0     0.023        31       416    0.9807    0.9444    0.9655    0.5656   0.02874  0.004001         0
   191/299      2.1G   0.01867  0.004877         0   0.02354        25       416    0.9808    0.9444    0.9622    0.5643   0.02878  0.004074         0
   192/299      2.1G   0.01758  0.004374         0   0.02196        28       416    0.9808    0.9444    0.9644    0.5567   0.02918  0.004076         0
   193/299      2.1G   0.01871  0.004784         0   0.02349        36       416    0.9808    0.9444    0.9644    0.5689   0.02907  0.004056         0
   194/299      2.1G   0.01781  0.004729         0   0.02254        35       416    0.9808    0.9444    0.9658    0.5571   0.02907  0.004032         0
   195/299      2.1G   0.01769  0.004909         0    0.0226        27       416    0.9807    0.9444    0.9633    0.5397   0.02929  0.004045         0
   196/299      2.1G   0.01795  0.004788         0   0.02274        37       416    0.9808    0.9444    0.9631      0.53   0.02998  0.004108         0
   197/299      2.1G   0.01768  0.004658         0   0.02233        28       416    0.9807    0.9444    0.9694    0.5308   0.02981   0.00401         0
   198/299      2.1G   0.01744  0.004765         0    0.0222        38       416    0.9807    0.9444     0.974    0.5511   0.02976  0.003986         0
   199/299      2.1G   0.01823  0.005026         0   0.02325        38       416    0.9807    0.9444    0.9731    0.5594   0.03021  0.004024         0
   200/299      2.1G   0.01745  0.004652         0    0.0221        27       416    0.9621    0.9444    0.9657    0.5273   0.03026  0.004149         0
   201/299      2.1G   0.01846  0.005071         0   0.02353        33       416    0.9622    0.9444    0.9608    0.5366   0.03006  0.004196         0
   202/299      2.1G   0.01848  0.004638         0   0.02311        26       416    0.9623    0.9443    0.9589    0.5504   0.02996  0.004241         0
   203/299      2.1G   0.01754  0.004853         0   0.02239        26       416    0.9808    0.9444    0.9668    0.5566   0.02929  0.004035         0
   204/299      2.1G   0.01761  0.004655         0   0.02227        36       416    0.9808    0.9444    0.9668    0.5388   0.02922  0.004038         0
   205/299      2.1G   0.01732  0.004847         0   0.02217        37       416      0.98    0.9074    0.9682    0.5608   0.02941   0.00428         0
   206/299      2.1G   0.01819  0.004581         0   0.02277        21       416    0.9286    0.9628    0.9724    0.5812   0.02907  0.004154         0
   207/299      2.1G   0.01846  0.005008         0   0.02347        25       416    0.9807    0.9444    0.9783    0.5591   0.02895  0.003829         0
   208/299      2.1G   0.01688  0.004301         0   0.02118        36       416    0.9807    0.9444    0.9739    0.5654   0.02912  0.003989         0
   209/299      2.1G   0.01753  0.004599         0   0.02213        27       416    0.9615    0.9259    0.9378    0.5594   0.02947  0.004156         0
   210/299      2.1G   0.01712  0.004525         0   0.02164        28       416    0.9607    0.9074    0.9331    0.5482   0.02827  0.004131         0
   211/299      2.1G   0.01692  0.004656         0   0.02158        24       416    0.9804    0.9259    0.9599    0.5501   0.02886  0.004167         0
   212/299      2.1G   0.01728  0.004942         0   0.02222        28       416    0.9804    0.9259    0.9565    0.5472    0.0287  0.004239         0
   213/299      2.1G   0.01751  0.004699         0   0.02221        25       416    0.9804    0.9259    0.9526     0.555   0.02859  0.004289         0
   214/299      2.1G   0.01754  0.005002         0   0.02255        31       416    0.9622    0.9444    0.9518     0.555   0.02842  0.004205         0
   215/299      2.1G    0.0168  0.004759         0   0.02156        28       416    0.9623    0.9444    0.9495     0.549    0.0292  0.004287         0
   216/299      2.1G    0.0173  0.004722         0   0.02202        26       416    0.9621    0.9444    0.9572    0.5526    0.0289   0.00424         0
   217/299      2.1G   0.01781  0.004724         0   0.02253        31       416    0.9808    0.9444     0.962    0.5556   0.02845  0.004077         0
   218/299      2.1G   0.01778  0.004457         0   0.02224        27       416    0.9622    0.9444    0.9619    0.5447   0.02879  0.004158         0
   219/299      2.1G   0.01756  0.004858         0   0.02242        32       416    0.9808    0.9444    0.9613    0.5432   0.02919  0.004193         0
   220/299      2.1G   0.01696  0.004401         0   0.02136        29       416    0.9808    0.9444    0.9597    0.5474   0.02882  0.004228         0
   221/299      2.1G   0.01685    0.0045         0   0.02135        24       416    0.9808    0.9444    0.9607    0.5529   0.02791  0.004104         0
   222/299      2.1G   0.01727  0.004654         0   0.02193        34       416    0.9808    0.9444    0.9648     0.564   0.02798  0.004097         0
   223/299      2.1G   0.01696  0.004662         0   0.02162        31       416    0.9807    0.9444    0.9648     0.552   0.02842  0.004146         0
   224/299      2.1G    0.0168  0.004507         0    0.0213        30       416    0.9807    0.9444    0.9665    0.5659   0.02856  0.004241         0
   225/299      2.1G   0.01691  0.004709         0   0.02162        31       416    0.9808    0.9444    0.9633    0.5411   0.02878  0.004304         0
   226/299      2.1G   0.01677  0.004337         0   0.02111        23       416    0.9807    0.9444    0.9628    0.5408   0.02888  0.004292         0
   227/299      2.1G   0.01663    0.0045         0   0.02113        31       416    0.9808    0.9444    0.9628    0.5556   0.02859  0.004161         0
   228/299      2.1G   0.01632   0.00438         0    0.0207        25       416    0.9808    0.9444    0.9593    0.5506   0.02917  0.004276         0
   229/299      2.1G   0.01659  0.004423         0   0.02102        38       416    0.9808    0.9444    0.9528    0.5452     0.029  0.004358         0
   230/299      2.1G   0.01605  0.004224         0   0.02028        34       416    0.9622    0.9444    0.9534    0.5385   0.02856  0.004301         0
   231/299      2.1G   0.01724   0.00462         0   0.02186        26       416    0.9808    0.9444     0.955    0.5443   0.02798  0.004189         0
   232/299      2.1G   0.01642  0.004545         0   0.02097        34       416    0.9623    0.9444     0.961    0.5559   0.02773   0.00419         0
   233/299      2.1G   0.01642  0.004867         0   0.02129        22       416    0.9623    0.9444    0.9601    0.5584   0.02843  0.004271         0
   234/299      2.1G   0.01607  0.004715         0   0.02079        25       416    0.9623    0.9444    0.9611    0.5573   0.02848  0.004222         0
   235/299      2.1G   0.01642  0.004641         0   0.02106        25       416    0.9623    0.9444    0.9626    0.5601   0.02879  0.004149         0
   236/299      2.1G   0.01613  0.004912         0   0.02104        22       416    0.9802    0.9259    0.9622    0.5487   0.02848  0.004183         0
   237/299      2.1G   0.01647  0.004584         0   0.02105        29       416    0.9799    0.9259    0.9647    0.5439   0.02843  0.004143         0
   238/299      2.1G   0.01559  0.004356         0   0.01994        30       416    0.9444    0.9444    0.9647    0.5458   0.02833  0.004113         0
   239/299      2.1G   0.01643  0.004715         0   0.02115        25       416    0.9623    0.9444     0.966     0.548   0.02845  0.004125         0
   240/299      2.1G   0.01684  0.004802         0   0.02164        30       416    0.9444    0.9444    0.9621    0.5477   0.02846  0.004212         0
   241/299      2.1G    0.0166  0.004648         0   0.02125        35       416    0.9444    0.9444    0.9635    0.5557   0.02826  0.004166         0
   242/299      2.1G   0.01622  0.004483         0    0.0207        23       416    0.9444    0.9444    0.9637     0.557   0.02769  0.004111         0
   243/299      2.1G   0.01638  0.004917         0    0.0213        32       416    0.9444    0.9444    0.9608    0.5556   0.02733  0.004174         0
   244/299      2.1G   0.01639  0.004695         0   0.02109        31       416    0.9623    0.9444    0.9608    0.5706   0.02693  0.004191         0
   245/299      2.1G   0.01651  0.004248         0   0.02075        20       416    0.9622    0.9444    0.9599     0.575   0.02711  0.004199         0
   246/299      2.1G   0.01655  0.004581         0   0.02113        30       416    0.9622    0.9444    0.9594    0.5657   0.02761  0.004159         0
   247/299      2.1G   0.01626  0.004569         0   0.02082        28       416    0.9622    0.9444    0.9573    0.5646   0.02782  0.004196         0
   248/299      2.1G   0.01494  0.004243         0   0.01918        32       416    0.9623    0.9444    0.9575    0.5582   0.02808  0.004315         0
   249/299      2.1G   0.01601  0.004417         0   0.02043        28       416    0.9444    0.9444    0.9562    0.5679   0.02781  0.004312         0
   250/299      2.1G     0.016  0.004374         0   0.02038        25       416    0.9621    0.9444    0.9605    0.5706    0.0272  0.004063         0
   251/299      2.1G   0.01619  0.004674         0   0.02086        27       416    0.9622    0.9444    0.9676    0.5736   0.02761  0.004089         0
   252/299      2.1G    0.0164  0.004811         0   0.02122        27       416    0.9622    0.9444    0.9664    0.5787   0.02748  0.004147         0
   253/299      2.1G   0.01631   0.00443         0   0.02074        41       416    0.9444    0.9444    0.9608    0.5513   0.02786  0.004294         0
   254/299      2.1G   0.01588    0.0043         0   0.02018        27       416    0.9622    0.9444    0.9625    0.5549   0.02794   0.00428         0
   255/299      2.1G   0.01544  0.004139         0   0.01957        27       416    0.9622    0.9444    0.9622    0.5445   0.02804  0.004265         0
   256/299      2.1G   0.01559  0.004608         0    0.0202        21       416    0.9622    0.9444    0.9623    0.5537   0.02818  0.004209         0
   257/299      2.1G   0.01629  0.004361         0   0.02065        23       416    0.9622    0.9444    0.9612    0.5446   0.02843  0.004303         0
   258/299      2.1G   0.01575  0.004486         0   0.02024        25       416    0.9622    0.9444     0.961    0.5634    0.0282  0.004374         0
   259/299      2.1G   0.01544  0.004247         0   0.01969        27       416    0.9623    0.9444    0.9597    0.5525   0.02881  0.004441         0
   260/299      2.1G     0.016  0.004664         0   0.02067        25       416    0.9444    0.9444    0.9587    0.5473   0.02852  0.004458         0
   261/299      2.1G   0.01551  0.004449         0   0.01996        34       416    0.9444    0.9444    0.9575    0.5634   0.02834   0.00444         0
   262/299      2.1G    0.0152  0.004559         0   0.01976        24       416    0.9623    0.9444    0.9596    0.5684   0.02805  0.004256         0
   263/299      2.1G   0.01584  0.004328         0   0.02017        35       416    0.9623    0.9444    0.9595    0.5791    0.0276  0.004172         0
   264/299      2.1G   0.01554   0.00411         0   0.01965        30       416    0.9804    0.9257    0.9571    0.5559    0.0277  0.004186         0
   265/299      2.1G   0.01579  0.004589         0   0.02038        21       416    0.9804    0.9258    0.9588    0.5701   0.02752  0.004265         0
   266/299      2.1G   0.01559  0.004248         0   0.01983        36       416    0.9623    0.9444    0.9572    0.5598   0.02785  0.004275         0
   267/299      2.1G   0.01524  0.004163         0    0.0194        33       416    0.9622    0.9444    0.9558     0.547    0.0285  0.004303         0
   268/299      2.1G   0.01566  0.004472         0   0.02013        28       416    0.9623    0.9444    0.9567    0.5437   0.02862  0.004297         0
   269/299      2.1G   0.01551  0.004435         0   0.01994        32       416    0.9623    0.9444    0.9567    0.5452   0.02857  0.004363         0
   270/299      2.1G   0.01518  0.004366         0   0.01955        22       416    0.9622    0.9444    0.9587    0.5513   0.02838  0.004341         0
   271/299      2.1G   0.01576   0.00441         0   0.02017        32       416    0.9623    0.9444    0.9578    0.5469   0.02808  0.004309         0
   272/299      2.1G   0.01534  0.004466         0    0.0198        28       416    0.9622    0.9444    0.9595    0.5438   0.02819  0.004331         0
   273/299      2.1G   0.01625  0.004498         0   0.02074        35       416    0.9623    0.9444    0.9612    0.5409   0.02873  0.004352         0
   274/299      2.1G   0.01514  0.004294         0   0.01944        36       416    0.9802    0.9259    0.9624    0.5441   0.02867  0.004359         0
   275/299      2.1G   0.01559  0.004318         0   0.01991        18       416    0.9802    0.9259    0.9624    0.5421   0.02861  0.004325         0
   276/299      2.1G   0.01514  0.004497         0   0.01964        27       416    0.9622    0.9444    0.9624    0.5517   0.02837  0.004277         0
   277/299      2.1G   0.01557  0.004456         0   0.02003        32       416    0.9808    0.9444    0.9609    0.5538   0.02855  0.004284         0
   278/299      2.1G   0.01577  0.004351         0   0.02012        22       416    0.9808    0.9444    0.9602    0.5452   0.02868  0.004302         0
   279/299      2.1G   0.01505   0.00457         0   0.01962        45       416    0.9808    0.9444     0.961     0.533   0.02897  0.004337         0
   280/299      2.1G   0.01581   0.00425         0   0.02006        28       416    0.9808    0.9444    0.9657    0.5456   0.02826  0.004165         0
   281/299      2.1G   0.01606  0.004605         0   0.02067        26       416    0.9808    0.9444    0.9687    0.5464   0.02846  0.004184         0
   282/299      2.1G    0.0155  0.004288         0   0.01979        23       416    0.9808    0.9444    0.9655    0.5507   0.02854  0.004274         0
   283/299      2.1G   0.01521  0.004228         0   0.01944        19       416    0.9621    0.9444    0.9612    0.5534   0.02843  0.004268         0
   284/299      2.1G   0.01565  0.004171         0   0.01982        23       416    0.9808    0.9444    0.9593      0.54   0.02845  0.004243         0
   285/299      2.1G   0.01587  0.004465         0   0.02033        22       416    0.9808    0.9444    0.9596    0.5395   0.02845  0.004291         0
   286/299      2.1G   0.01583  0.004426         0   0.02025        31       416    0.9807    0.9444     0.965    0.5452   0.02793  0.004245         0
   287/299      2.1G   0.01554  0.004363         0   0.01991        24       416    0.9808    0.9444    0.9644    0.5357   0.02807  0.004312         0
   288/299      2.1G   0.01595  0.004464         0   0.02042        23       416    0.9807    0.9444    0.9632     0.538   0.02817  0.004339         0
   289/299      2.1G   0.01646   0.00424         0    0.0207        25       416    0.9808    0.9444    0.9664    0.5537   0.02762  0.004223         0
   290/299      2.1G   0.01527  0.004456         0   0.01973        29       416    0.9808    0.9444    0.9686    0.5518   0.02831   0.00429         0
   291/299      2.1G   0.01591  0.004789         0   0.02069        27       416    0.9808    0.9444    0.9632     0.545    0.0284  0.004396         0
   292/299      2.1G   0.01497   0.00417         0   0.01914        24       416    0.9621    0.9444    0.9622    0.5651   0.02812  0.004333         0
   293/299      2.1G   0.01548  0.004348         0   0.01983        35       416    0.9803    0.9259    0.9602    0.5577   0.02792  0.004294         0
   294/299      2.1G   0.01497  0.004209         0   0.01918        27       416    0.9804    0.9258     0.959    0.5447   0.02815  0.004321         0
   295/299      2.1G   0.01457  0.004394         0   0.01897        27       416    0.9803    0.9259    0.9607    0.5397   0.02838  0.004295         0
   296/299      2.1G   0.01529  0.004445         0   0.01974        27       416    0.9803    0.9259    0.9619    0.5477   0.02862  0.004283         0
   297/299      2.1G   0.01535  0.004255         0   0.01961        29       416    0.9803    0.9259    0.9599     0.531   0.02867  0.004368         0
   298/299      2.1G   0.01499  0.004136         0   0.01913        28       416    0.9623    0.9444    0.9591    0.5392   0.02806  0.004326         0
   299/299      2.1G   0.01521  0.004321         0   0.01953        39       416    0.9808    0.9444    0.9643    0.5512   0.02756  0.004178         0
